Sorted list of predicted torsion orders for dimension 2: [ 1, 2, 3, 4, 5, 6, 7, 8, 9, 10, 11, 12, 13, 14, 15, 16, 17, 
18, 19, 20, 21, 22, 23, 24, 28, 31, 37, 44, 56 ]
Sorted list of predicted torsion orders for dimension 3: [ 1, 2, 3, 4, 5, 6, 7, 8, 9, 10, 11, 12, 13, 14, 15, 16, 17, 
18, 19, 20, 22, 23, 24, 28, 29, 31, 32, 36, 37, 38, 40, 44, 46, 49, 58, 80, 83, 92, 160 ]
Sorted list of predicted torsion orders for dimension 4: [ 1, 2, 3, 4, 5, 6, 7, 8, 9, 10, 11, 12, 13, 14, 15, 16, 17, 
18, 19, 20, 21, 22, 23, 24, 25, 26, 27, 28, 29, 31, 32, 34, 35, 36, 37, 38, 40, 41, 43, 44, 48, 49, 52, 55, 56, 57, 61, 
63, 64, 68, 71, 72, 73, 74, 76, 80, 82, 88, 136, 146, 152, 155, 176 ]
Sorted list of predicted torsion orders for dimension 5: [ 1, 2, 3, 4, 5, 6, 7, 8, 9, 10, 11, 12, 13, 14, 16, 17, 18, 
19, 20, 21, 22, 23, 24, 25, 26, 27, 28, 29, 31, 32, 34, 35, 36, 38, 40, 41, 43, 44, 46, 48, 50, 52, 53, 55, 56, 63, 64, 
68, 72, 80, 92, 96, 106, 110, 144, 160, 192, 288, 320 ]
